0 0.420588 0.192005 0.000000 0.315508
0 1.067604 0.035095 0.332266 0.000986
0 0.865225 0.779572 0.000000 0.244652
0 1.065917 0.946016 0.404844 0.002674
0 0.220588 0.190568 0.366176 0.316477
0 0.632721 0.361875 1.196324 0.002273
1 0.168750 0.705057 0.128676 0.185227
1 0.267647 0.734318 0.116176 0.096023
1 0.939338 0.621250 0.113971 0.153977
1 1.123897 0.605909 0.174265 0.122159
1 0.933456 0.948807 0.100735 0.065909
1 1.122794 1.003352 0.241176 0.159091
1 0.151103 0.102500 0.194853 0.118750
1 0.315074 0.091136 0.146324 0.091477
1 0.582721 0.118409 0.287500 0.147159
1 0.810294 0.090852 0.122059 0.088636
1 1.148162 0.118693 0.147794 0.143182
