0 0.038382 0.280284 -0.008824 0.508523
0 0.599797 0.299426 -0.003711 0.470238
0 0.918529 0.299602 0.005882 0.469886
0 0.270368 0.548466 0.468382 0.000568
0 0.724779 0.547045 0.409559 0.001136
0 1.086141 0.546734 0.288305 -0.000514
0 1.028403 0.998493 0.269748 0.001759
0 0.633235 0.854148 1.197059 -0.000568
1 0.747941 0.131989 0.248529 0.099432
1 0.809706 0.403864 0.195588 0.136364
1 1.013750 0.462102 0.152206 0.144886
1 0.148309 0.613239 0.196324 0.110795
1 0.658971 0.615795 0.255882 0.115909
1 1.088750 0.627727 0.256618 0.138636
1 0.680662 0.999318 0.305147 0.253409
1 1.029191 1.138239 0.253676 0.257386
