0 0.333235 0.625852 0.613235 0.001705
0 0.792059 0.706534 0.270588 0.000568
0 1.150416 0.704845 0.416069 -0.003326
0 0.323676 1.079261 0.545588 0.001705
0 0.749412 1.079013 0.271162 0.000000
0 1.128178 1.077350 0.460545 -0.003326
0 0.706765 0.359659 1.302941 0.663636
1 0.856029 0.127557 0.135294 0.143750
1 0.444265 0.667614 0.157353 0.117045
1 0.754926 0.773580 0.175735 0.109659
1 1.087279 0.763636 0.268382 0.094318
1 1.014485 0.834091 0.149265 0.081818
1 0.254191 1.144318 0.378676 0.110227
1 0.224044 1.209659 0.236029 0.079545
1 0.352353 1.390909 0.117647 0.057955
1 0.749412 1.342330 0.145588 0.143750
1 1.042426 1.127557 0.256618 0.080114
1 0.947941 1.196307 0.098529 0.088068
