0 0.026029 0.191705 -0.005882 0.333523
0 0.021618 0.545398 -0.004412 0.345455
0 0.338162 0.546534 -0.003676 0.347727
0 0.761324 0.548523 -0.002941 0.346023
0 0.999191 0.549659 -0.003676 0.348295
0 0.017574 0.852500 0.002206 0.246023
0 0.018676 1.147102 0.001471 0.322727
1 0.259485 0.063864 0.094853 0.059659
1 0.736324 0.075795 0.182353 0.078977
1 1.026765 0.091705 0.273529 0.109659
1 0.092206 0.409886 0.107353 0.053977
1 0.253603 0.423239 0.105147 0.081818
1 0.433015 0.441989 0.162500 0.115909
1 0.631544 0.458466 0.205147 0.146591
1 0.873456 0.451364 0.200735 0.128977
1 1.106176 0.431193 0.160294 0.087500
1 0.177500 0.799943 0.207353 0.110227
1 1.048824 0.784034 0.294118 0.067045
1 0.301765 1.099091 0.135294 0.109659
1 0.261324 1.112727 0.136765 0.232386
