0 0.028603 0.230966 -0.000735 0.406250
0 0.467941 0.230682 -0.001471 0.407955
0 0.185956 0.452273 0.316912 0.001136
0 0.363162 0.742330 -0.002206 0.576705
0 0.712059 0.741761 0.001471 0.577841
0 1.056176 0.741477 -0.004412 0.577273
0 0.027868 1.259943 0.000735 0.428977
1 0.298824 0.086364 0.222059 0.096591
1 0.318309 0.394034 0.181618 0.058523
1 1.249191 0.094318 0.171324 0.109091
1 0.184853 0.543182 0.264706 0.161364
1 0.433382 0.505114 0.075000 0.082955
1 0.875294 0.525852 0.267647 0.121023
1 1.213897 0.517045 0.258088 0.104545
1 0.443676 0.946307 0.119118 0.131250
1 1.271250 0.963352 0.133088 0.046023
1 0.277132 1.111648 0.256618 0.100568
1 1.149926 1.122159 -0.318382 0.121591
