0 0.020368 0.189432 0.002206 0.324432
0 0.062647 0.601932 0.000000 0.399432
0 1.008971 0.563864 -0.001471 0.302841
0 1.203456 0.760881 0.309559 -0.002557
0 0.027353 1.300795 0.001471 0.320455
0 0.639118 0.365000 1.238235 -0.007386
1 0.379191 0.194830 0.191912 0.237500
1 0.139118 0.455341 0.119118 0.088068
1 0.297941 0.542841 0.077941 0.061932
1 0.644632 0.520966 0.162500 0.106818
1 0.857132 0.555625 0.171324 0.136364
1 1.165221 0.443693 0.093382 0.046591
1 1.324412 0.511875 0.050000 0.084091
1 1.289118 0.968409 0.144118 0.163068
1 0.801250 1.201080 0.265441 0.107955
