0 0.212457 0.031539 0.314791 -0.000579
0 0.527702 0.031829 0.285910 0.002114
0 0.832242 0.031011 0.295811 0.000478
0 1.151496 0.030443 0.313287 0.000658
0 1.011893 0.700164 -0.001214 0.291237
0 0.226744 0.919778 0.337893 0.000000
0 0.669656 0.918491 0.515099 0.001654
0 1.123914 0.917883 0.356583 -0.001675
0 0.644853 0.498011 1.176471 -0.000568
1 0.211397 0.089773 0.278676 0.098864
1 0.521324 0.093466 0.250000 0.102841
1 0.831250 0.129545 0.272794 0.175000
1 1.151103 0.097727 0.283088 0.113636
1 1.148529 0.403977 0.282353 0.110227
1 0.423529 0.563636 0.251471 0.105682
1 1.159559 0.620455 0.220588 0.112500
1 0.228309 1.000000 0.321324 0.142045
1 0.600000 0.992330 0.352941 0.125568
1 1.123162 0.991477 0.325735 0.127273
1 1.185294 1.287216 -0.129412 -0.131250
