0 0.067990 0.334924 -0.003431 0.623485
0 0.068288 0.851618 -0.001576 0.381764
0 0.434412 0.852443 -0.001471 0.382386
0 1.106471 0.852727 0.001471 0.382955
0 0.014874 1.218528 0.000840 0.241126
0 1.077602 1.234694 -0.002556 0.271293
0 0.661618 1.058409 1.188235 0.000000
1 0.330368 0.187955 0.236029 0.177273
1 0.548382 0.197614 0.097059 0.147727
1 0.196912 0.985398 0.257353 0.075568
1 0.983309 0.732557 0.515441 0.123295
1 1.300588 0.731705 0.086765 0.122727
1 0.136618 1.138807 0.201471 0.097159
1 0.510515 1.164375 0.411029 0.143750
1 0.798382 1.169773 0.072059 0.129545
1 1.218971 1.151307 0.255882 0.085795
