0 0.029632 0.371250 -0.005147 0.689205
0 0.641397 0.177216 0.000735 0.265909
0 0.707941 0.519545 -0.001471 0.388068
0 0.028036 0.852164 -0.000484 0.243286
0 0.341029 0.852216 0.000000 0.242045
0 0.694706 0.989148 1.332353 -0.002273
1 0.183676 0.358750 0.267647 0.093750
1 0.587721 0.445114 0.212500 0.175568
1 1.139559 0.071250 0.400000 0.090341
1 1.037721 0.421818 0.621324 0.191477
1 0.371912 0.792557 0.652941 0.123864
1 0.798750 0.797102 0.144853 0.114773
1 1.130735 0.803068 0.433824 0.125568
1 0.610882 0.952784 0.391176 0.055682
