0 0.032721 0.150568 0.000735 0.244318
0 0.415441 0.289205 0.758824 0.001136
0 0.814338 0.390114 0.000735 0.202727
0 0.813235 0.583068 0.001471 0.154545
0 0.815809 0.832443 0.000735 0.312386
0 0.813971 1.083068 0.000000 0.161364
0 0.034559 1.323864 0.002941 0.284091
0 1.159559 1.183011 0.411765 -0.000114
1 0.302206 0.123295 0.351471 0.146591
1 0.180515 0.419886 0.233088 0.240909
1 1.026838 0.332386 0.266912 0.087500
1 1.075000 0.531534 0.101471 0.055114
1 0.995588 0.741761 0.254412 0.130114
1 0.980882 1.067614 0.267647 0.093182
1 0.131985 1.226136 0.149265 0.089773
1 0.459559 1.227841 0.163235 0.068182
1 1.281250 1.386364 0.169853 0.078409
