0 0.025368 0.281420 -0.000735 0.498295
0 0.019853 0.918352 -0.002941 0.359659
0 0.916912 0.737670 0.311765 -0.000568
0 1.219118 0.736818 0.260294 -0.001136
0 1.084926 1.295057 -0.002206 0.281250
0 0.846691 0.051023 0.994853 0.000000
0 0.629779 1.114943 1.225735 -0.000568
1 0.139338 1.001023 0.156618 0.122727
1 0.408456 1.042500 0.316912 0.093182
1 0.929044 1.029148 0.252206 0.138068
1 1.238603 1.040227 0.216912 0.060227
1 0.436397 0.187386 0.147794 0.131818
1 0.129779 0.472898 0.177206 0.083523
1 0.886397 0.542216 0.300735 0.133523
1 0.452941 1.166080 0.279412 0.100568
1 1.216176 1.398750 0.208824 0.073864
