0 0.076912 0.408807 -0.008824 0.739205
0 0.528015 0.041193 0.328676 0.002841
0 1.022868 0.042898 0.621324 0.002841
0 0.702297 0.798853 1.259104 0.003247
1 0.137941 0.483523 0.127941 0.157955
1 0.900074 0.188068 0.344853 0.267045
1 0.494559 0.680398 0.229412 0.176705
1 0.079485 0.899432 0.116912 0.142045
1 0.434632 0.902557 0.130147 0.148295
1 0.670294 0.898864 0.211765 0.157955
1 0.951176 0.898295 0.273529 0.153409
1 1.112206 1.013636 0.135294 0.098864
1 1.276544 1.019318 0.163971 0.109091
1 1.102279 1.287784 0.102206 0.080114
