0 1.122647 0.194318 0.469118 0.247727
0 1.077426 0.506534 0.559559 0.264205
0 0.176038 0.880095 0.303513 0.363674
0 0.547157 0.880095 0.392157 0.363674
0 1.058391 0.880095 0.597631 0.363674
0 0.307778 1.080202 0.573529 0.001263
0 0.718603 1.079545 0.213971 -0.001136
0 1.100221 1.078125 0.513971 0.000568
0 0.639559 0.027841 1.230882 -0.002273
1 0.231838 0.179261 0.105147 0.126705
1 0.397279 0.176136 0.112500 0.118182
1 1.000221 0.138068 0.116912 0.112500
1 1.079632 0.421591 0.084559 0.071591
1 1.253897 0.426989 0.169853 0.081250
1 0.206471 0.763068 0.204412 0.107955
1 0.487353 0.762784 0.273529 0.107386
1 0.473015 0.803693 0.071324 0.084659
1 0.968235 0.746591 0.320588 0.076136
1 0.128162 1.147727 0.171324 0.114773
1 0.970441 1.136364 0.251471 0.117045
