0 0.661618 0.157102 1.188235 0.246023
0 0.401592 0.454538 0.670052 0.321606
0 1.003529 0.456250 0.498529 0.319318
0 0.658309 0.632102 1.190441 0.000568
1 0.956838 0.136080 0.325735 0.057386
1 0.900588 0.203693 0.438235 0.091477
1 0.336250 0.348580 0.230147 0.085795
1 0.328162 0.547443 0.353676 0.100568
1 0.897647 0.390625 0.225000 0.166477
1 1.127059 0.390341 0.132353 0.165909
1 0.158309 0.692045 0.240441 0.102273
1 0.407206 0.695170 0.145588 0.069886
1 0.212721 1.204261 0.134559 0.099432
1 0.952059 1.261648 0.201471 0.101705
