0 0.502477 0.195694 0.643963 0.118660
0 0.339325 0.384259 0.320261 0.097643
0 0.666122 0.382155 0.315904 0.096801
0 0.339356 0.493397 0.320198 0.108324
0 0.665944 0.491148 0.317028 0.107656
0 0.339319 0.605024 0.321362 0.101914
0 0.665930 0.604295 0.313341 0.103371
0 0.500929 0.741388 0.644582 0.158373
0 0.503096 0.262679 0.647678 -0.003828
1 0.254489 0.163876 0.139319 0.055024
1 0.380186 0.166029 0.134365 0.047847
1 0.658514 0.163636 0.333127 0.055502
1 0.776780 0.191866 0.096594 0.035407
1 0.412074 0.280861 0.158514 0.034450
1 0.720743 0.273923 0.071207 0.024402
1 0.778638 0.298325 0.092879 0.055981
1 0.241176 0.355981 0.122601 0.041148
1 0.372755 0.355263 0.040248 0.026316
1 0.449845 0.355024 0.100310 0.040191
1 0.447678 0.422249 0.103406 0.023445
1 0.574613 0.358373 0.134365 0.047847
1 0.748607 0.371053 0.152941 0.074163
1 0.425697 0.457895 0.147368 0.038278
1 0.227554 0.526794 0.096594 0.043062
1 0.753251 0.462201 0.143653 0.048804
1 0.262848 0.573684 0.168421 0.041148
1 0.469040 0.635646 0.060681 0.040670
1 0.722601 0.623206 0.200000 0.066507
