0 0.498599 0.214225 0.647785 0.162995
0 0.239100 0.563636 0.123183 0.518717
0 0.371228 0.563048 0.117543 0.517540
0 0.524066 0.376684 0.162249 0.146096
0 0.630502 0.522139 0.379827 0.127914
0 0.538702 0.645869 0.193875 0.107193
0 0.732561 0.614505 0.175709 0.042647
0 0.733599 0.672206 0.177785 0.059866
0 0.630294 0.766136 0.380588 0.112273
0 0.716955 0.376738 0.211073 0.145989
1 0.695156 0.250267 0.254671 0.073797
1 0.238408 0.388503 0.123183 0.168449
1 0.615225 0.323797 0.158478 0.031551
1 0.765744 0.473529 0.102422 0.029412
1 0.565398 0.608021 0.130796 0.032086
1 0.787197 0.608556 0.069204 0.031016
1 0.506920 0.725668 0.135640 0.032086
