0 0.674183 0.135101 0.297386 -0.000505
0 0.674183 0.291414 0.297386 0.041414
0 0.500980 0.445455 0.645098 -0.186869
0 0.386928 0.557828 0.413072 -0.121717
0 0.882353 0.607576 0.001307 0.279798
0 0.346732 0.136616 -0.340523 0.002525
1 0.393137 0.170707 0.216340 0.067677
1 0.459150 0.218434 0.115686 0.047980
1 0.707843 0.156313 0.231373 0.041919
1 0.736601 0.287121 0.175163 0.047980
1 0.729085 0.398232 0.175817 0.071212
1 0.671242 0.511364 0.171242 0.068182
1 0.477124 0.567929 0.231373 0.082323
1 0.707516 0.787879 0.243791 0.094949
