0 0.301858 0.285407 0.246440 0.301914
0 0.629085 0.186027 0.387800 0.103535
0 0.551703 0.342344 0.233437 0.188995
0 0.751084 0.341148 0.143034 0.190431
0 0.328483 0.487560 0.302167 0.085167
0 0.655728 0.487081 0.332508 0.083254
0 0.500619 0.583254 0.642724 0.094737
0 0.500619 0.729187 0.645201 0.181818
1 0.265944 0.188278 0.174613 0.109569
1 0.275232 0.217703 0.097833 0.103349
1 0.366873 0.231100 0.115170 0.100478
1 0.767802 0.163876 0.112074 0.059809
1 0.551393 0.305742 0.236533 0.117703
1 0.750774 0.401675 0.144892 0.056938
1 0.403715 0.471292 0.151703 0.052632
1 0.743963 0.472967 0.157276 0.055024
1 0.243344 0.561962 0.129412 0.050239
1 0.552012 0.684211 0.123839 0.089952
1 0.648916 0.681818 -0.302786 0.057416
