0 0.256037 0.383014 0.156037 0.097129
0 0.419381 0.382742 0.155791 0.095627
0 0.583333 0.381734 0.156863 0.095960
0 0.743963 0.381340 0.153560 0.094737
0 0.822291 0.188278 -0.000619 0.115311
0 0.500310 0.325598 -0.643344 0.002392
0 0.500000 0.437560 0.643963 -0.001435
0 0.178638 0.561962 0.001238 0.061722
0 0.500310 0.600000 0.642105 -0.000957
1 0.228483 0.163636 0.099690 0.058373
1 0.461920 0.157895 0.165325 0.047847
1 0.246440 0.277512 0.136842 0.035407
1 0.742105 0.287081 0.160991 0.064115
1 0.744272 0.350000 0.155418 0.033014
1 0.387616 0.454306 0.093498 0.033014
1 0.582353 0.498086 0.112693 0.038278
1 0.269040 0.546890 0.132508 0.030622
1 0.528483 0.627990 0.090402 0.055981
1 0.610526 0.635407 0.065015 0.065072
1 0.671207 0.616029 0.047678 0.033014
1 0.721672 0.628230 0.084211 0.043062
