0 0.499946 0.181692 0.645861 0.098232
0 0.255501 0.332618 0.156972 0.181229
0 0.500000 0.491919 0.644444 0.114141
0 0.289270 0.689941 0.220153 0.259512
0 0.615033 0.618687 0.411765 0.118182
0 0.615305 0.753830 0.412527 0.134764
0 0.583987 0.347727 0.477778 -0.003535
0 0.582353 0.240404 0.481046 -0.002020
1 0.692810 0.167424 0.260131 0.072222
1 0.254902 0.279798 0.156863 0.076768
1 0.237908 0.399495 0.125490 0.047475
1 0.580719 0.272222 0.476471 0.063636
1 0.441503 0.364646 0.064706 0.034343
1 0.494444 0.370455 0.055556 0.033838
1 0.757843 0.462626 0.131373 0.069697
1 0.283007 0.616162 0.209150 0.115152
1 0.300327 0.620455 0.120915 0.053030
1 0.552941 0.582323 0.227451 0.045455
1 0.762092 0.717172 0.120261 0.057576
