0 0.500000 0.186869 0.645969 0.105219
0 0.281590 0.350168 0.206972 0.199495
0 0.498529 0.348864 0.209477 0.200253
0 0.717974 0.348737 0.211111 0.202525
0 0.501307 0.542424 0.643137 0.168687
0 0.276144 0.728956 0.191721 0.187710
0 0.601253 0.671759 0.443246 0.071633
0 0.601797 0.769907 0.442157 0.104630
1 0.230065 0.285859 0.100654 0.048485
1 0.518954 0.280556 0.169935 0.063131
1 0.757190 0.264646 0.126144 0.033333
1 0.227124 0.660354 0.093464 0.052020
1 0.320915 0.667424 0.101961 0.065152
1 0.213072 0.756061 0.065359 0.049495
1 0.420588 0.655051 0.084314 0.036364
1 0.495098 0.688384 0.194118 0.039394
1 0.702941 0.785859 0.238562 0.071717
