0 0.381734 0.405024 0.403715 0.108612
0 0.708669 0.405263 0.227864 0.111005
0 0.329721 0.515072 0.298452 0.092344
0 0.550464 0.514115 0.124458 0.092344
0 0.721362 0.514593 0.201238 0.093301
0 0.285759 0.615072 0.209288 0.091388
0 0.505991 0.614478 0.217865 0.090067
0 0.721678 0.612795 0.198257 0.088384
0 0.499690 0.763397 0.762229 0.211962
0 0.500619 0.135646 0.646440 -0.002392
0 0.499690 0.258852 0.643344 -0.002871
1 0.222910 0.201196 0.072446 0.045455
1 0.356347 0.227273 0.073065 0.053589
1 0.652322 0.179187 0.096594 0.032057
1 0.276780 0.287321 0.197523 0.048325
1 0.704644 0.277751 0.235913 0.040670
1 0.761610 0.309330 0.121981 0.035885
1 0.300000 0.380861 0.131269 0.060287
1 0.466254 0.380383 0.135604 0.059330
1 0.664396 0.437799 0.139319 0.046890
1 0.778638 0.435646 0.086687 0.050239
1 0.211455 0.587081 0.063158 0.042105
1 0.768731 0.580383 0.104025 0.025837
1 0.657276 0.693780 0.189474 0.057416
