0 0.499837 0.200295 0.643464 0.128704
0 0.326961 0.385901 0.297059 0.222306
0 0.577288 0.385311 0.183987 0.224327
0 0.750490 0.385564 0.138235 0.224832
0 0.257843 0.662121 0.160131 0.314141
0 0.422549 0.664394 0.149673 0.314646
0 0.583987 0.663131 0.150980 0.316162
0 0.745588 0.664015 0.148039 0.315404
1 0.740523 0.169697 0.162092 0.069697
1 0.231699 0.433838 0.109150 0.056566
1 0.411765 0.456061 0.126797 0.064646
1 0.582353 0.299495 0.175163 0.051515
1 0.617647 0.332576 0.105882 0.046970
1 0.750980 0.461364 0.138562 0.072222
1 0.257190 0.590909 0.160131 0.172727
1 0.424837 0.533838 0.145098 0.053535
1 0.422549 0.779545 0.150980 0.084343
1 0.583333 0.576263 0.152288 0.144444
1 0.744771 0.547980 0.148366 0.083838
