0 0.354575 0.184764 0.352941 0.095960
0 0.354641 0.289285 0.353072 0.099613
0 0.682059 0.238182 0.282941 0.202727
0 0.500479 0.456599 0.642571 0.220438
0 0.499052 0.610008 0.641895 0.072710
0 0.281405 0.737912 0.206601 0.166902
0 0.497059 0.737727 0.205882 0.166364
0 0.713355 0.737879 0.212113 0.165152
1 0.617059 0.182045 0.138824 0.090455
1 0.715588 0.537273 0.144118 0.060000
1 0.655588 0.590000 0.239412 0.032727
1 0.763529 0.623636 0.115294 0.047273
1 0.280882 0.682500 0.206471 0.055909
1 0.479118 0.679091 0.164118 0.050000
1 0.776471 0.746136 0.087059 0.075909
