0 0.337169 0.204909 0.318083 0.142256
0 0.666667 0.205387 0.314815 0.138889
0 0.501826 0.324103 0.645264 0.080024
0 0.308018 0.459806 0.257648 0.171296
0 0.634365 0.459330 0.378947 0.173206
0 0.367226 0.688515 0.378242 0.265076
0 0.694427 0.617943 0.256347 0.128708
0 0.692879 0.754785 0.258204 0.130622
1 0.467802 0.245933 0.060681 0.046890
1 0.768111 0.248565 0.111455 0.042584
1 0.259752 0.340909 0.075542 0.035885
1 0.685759 0.299761 0.104025 0.034928
1 0.750155 0.329904 0.149845 0.052153
1 0.264396 0.402153 0.154180 0.057895
1 0.379257 0.511005 0.112693 0.058373
1 0.605263 0.412201 0.153560 0.079904
1 0.690712 0.427751 0.094118 0.052632
1 0.778019 0.468182 0.091641 0.033971
1 0.289783 0.604306 0.197523 0.097608
1 0.756656 0.590670 0.131889 0.073206
1 0.645511 0.717703 0.131269 0.058373
1 0.749845 0.721053 0.107121 0.053589
