0 0.284118 0.193636 0.207059 0.116364
0 0.503235 0.193182 0.210000 0.116364
0 0.720882 0.194091 -0.206471 -0.116364
0 0.283235 0.319091 0.206471 0.118182
0 0.501471 0.319318 -0.210000 -0.118636
0 0.719706 0.318636 0.207647 0.117273
0 0.500882 0.436591 0.644118 0.102273
0 0.500294 0.551364 0.644118 0.109091
0 0.280588 0.718409 -0.209412 -0.206818
0 0.497647 0.718636 -0.207059 -0.206364
0 0.714706 0.718864 0.210588 0.206818
1 0.536176 0.225909 0.144118 0.051818
1 0.720882 0.153864 0.206471 0.036818
1 0.251176 0.278636 0.105882 0.037273
1 0.476176 0.273864 0.160588 0.028636
1 0.706765 0.272955 0.144118 0.030455
1 0.683235 0.409773 0.087647 0.041364
1 0.237941 0.655227 0.125294 0.081364
1 0.319412 0.683864 0.131765 0.091364
1 0.532647 0.666364 0.110000 0.101818
1 0.719412 0.664318 0.155294 0.097727
