0 0.498270 0.612834 0.640138 0.077005
0 0.497924 0.691444 0.640830 0.075936
0 0.500346 0.777807 0.642907 0.083957
0 0.494464 0.135294 0.643599 -0.004278
0 0.495502 0.200535 0.642907 -0.003209
0 0.495848 0.262299 0.643599 -0.003743
0 0.497232 0.323529 0.643599 -0.003209
1 0.695848 0.162567 0.243599 0.057754
1 0.680277 0.221390 0.269204 0.041711
1 0.689965 0.282888 0.258131 0.042781
1 0.322837 0.365775 0.173010 0.073797
1 0.358131 0.599465 0.243599 0.042781
1 0.739792 0.690642 0.159862 0.059358
1 0.717647 0.773262 0.154325 0.041711
