0 0.319943 0.228498 0.277141 0.185110
0 0.644229 0.166102 0.355332 0.064261
0 0.644272 0.263636 0.352941 0.114833
0 0.500619 0.383493 0.642724 0.111483
0 0.263671 0.549590 0.166776 0.206083
0 0.527374 0.495762 0.339061 0.098427
0 0.528847 0.602802 0.339829 0.098702
0 0.765913 0.547973 0.114614 0.204532
0 0.500886 0.739569 0.642019 0.161435
1 0.266873 0.167943 0.171517 0.066029
1 0.369350 0.197608 0.179567 0.095694
1 0.548916 0.145933 0.165944 0.025837
1 0.554799 0.230383 0.175232 0.050239
1 0.298762 0.369378 0.239009 0.082297
1 0.581424 0.349522 0.223529 0.043541
1 0.264396 0.472010 0.167802 0.053110
1 0.565944 0.462679 0.108359 0.032536
1 0.383901 0.523445 0.053870 0.032536
1 0.606192 0.513158 0.050155 0.030144
1 0.765635 0.472488 0.079257 0.053110
1 0.264706 0.691866 0.170898 0.067943
