0 0.501752 0.200747 0.642937 0.129607
0 0.501238 0.311722 0.643963 0.083732
0 0.499957 0.454641 0.643877 0.185836
0 0.267226 0.688275 0.178242 0.260770
0 0.597406 0.597760 0.451158 0.079732
0 0.595975 0.675837 0.450774 0.055981
0 0.595975 0.765789 0.450774 0.106699
1 0.746440 0.132057 0.183282 0.024880
1 0.722291 0.405263 0.146130 0.074641
1 0.221981 0.605263 0.085449 0.096651
1 0.301858 0.595215 0.113932 0.049761
1 0.702477 0.584928 0.240248 0.052153
1 0.739628 0.664115 0.160991 0.034450
1 0.560062 0.730861 0.143653 0.036842
1 0.704644 0.743062 0.234675 0.057416
