0 0.243736 0.478746 0.133442 0.683923
0 0.569771 0.187079 0.502288 0.100589
0 0.570425 0.293140 0.503595 0.095539
0 0.570261 0.415404 0.498693 0.130808
0 0.382952 0.576557 0.124292 0.174158
0 0.510621 0.576305 0.109477 0.173653
0 0.697222 0.519318 0.247386 0.056313
0 0.696786 0.610227 0.244336 0.111869
0 0.570316 0.746086 0.501198 0.146212
1 0.243791 0.225253 0.134641 0.150505
1 0.439542 0.168687 0.243791 0.063636
1 0.658170 0.176515 0.173856 0.047980
1 0.654902 0.214646 -0.325490 0.046465
1 0.749020 0.286616 0.145098 0.037879
1 0.720588 0.381313 0.198039 0.063636
1 0.383007 0.510606 0.122876 0.044444
1 0.515359 0.507323 0.098693 0.036869
1 0.660458 0.582071 0.164052 0.058081
1 0.697386 0.702778 0.227451 0.046970
