0 0.885294 0.286818 1.474118 0.340909
0 0.487059 0.680000 0.668235 0.405455
0 1.234706 0.676818 -0.775294 -0.413636
0 0.504118 1.066818 0.709412 0.337273
0 1.253529 1.067273 0.740000 0.340000
0 0.885882 1.476364 1.475294 0.436364
1 1.168235 1.291364 0.908235 0.068182
1 1.240000 1.381818 0.764706 0.101818
1 1.215882 1.495909 0.817647 0.111818
1 1.228235 1.622727 0.785882 0.120000
1 1.506471 1.077273 0.234118 0.207273
1 0.698235 0.190909 0.443529 0.150909
1 1.011176 0.187727 0.137647 0.139091
1 0.287647 0.546818 0.271765 0.144545
1 0.505882 0.603182 0.218824 0.122727
1 1.151176 0.544545 0.612941 0.149091
1 1.196471 0.804545 0.477647 0.158182
