0 0.886275 0.318182 1.468627 0.404545
0 0.888725 0.671970 1.469608 0.251515
0 0.392157 1.058333 -0.486275 -0.474242
0 0.900980 1.057955 -0.476471 -0.475000
0 1.390686 1.058333 -0.459804 -0.475758
0 0.886765 1.504167 -1.471569 -0.376515
1 0.914706 0.200379 0.388235 0.168939
1 0.400490 0.637500 0.261765 0.179545
1 1.346569 0.594697 0.318627 0.100000
1 0.243627 0.914015 0.189216 0.187121
1 0.486765 0.902652 0.297059 0.164394
1 0.800980 0.912879 0.278431 0.187879
1 1.000980 0.923106 0.205882 0.118939
1 1.363725 0.891288 0.407843 0.140152
