0 0.879412 0.117424 1.464706 0.000000
0 1.386275 0.230303 0.480392 0.177273
0 1.428431 0.600758 0.305882 0.251515
1 0.684314 0.209091 0.286275 0.183333
1 1.008333 0.219318 0.306863 0.202273
0 0.394608 1.014394 0.491176 0.492424
0 0.789216 1.015530 -0.247059 -0.493182
0 1.119608 1.014394 -0.356863 -0.495455
0 1.468627 1.015152 0.282353 0.493939
1 0.294608 0.865530 0.293137 0.196212
1 0.665196 0.893561 0.265686 0.252273
1 0.905882 0.800379 0.300000 0.208333
1 1.201471 0.865152 0.295098 0.198485
1 1.494118 0.851136 0.235294 0.167424
0 0.878922 1.489394 1.459804 0.407576
1 0.355392 1.365530 0.414706 0.159848
1 1.083333 1.357576 0.474510 0.142424
1 1.434314 1.429167 0.190196 0.218939
