0 0.500490 0.354545 0.706863 0.478788
0 1.253922 0.353788 0.745098 0.475758
0 0.289706 0.890152 -0.289216 -0.557576
0 0.803922 0.890530 0.692157 0.558333
0 1.398529 0.891667 0.459804 0.556061
0 0.886765 1.441667 1.479412 0.498485
1 1.191667 0.184470 0.216667 0.135606
1 1.484804 0.232197 0.281373 0.231061
1 0.290196 0.712879 0.288235 0.201515
1 0.910784 0.689394 0.354902 0.156061
1 0.984314 0.815909 0.333333 0.159091
1 1.302451 0.713636 0.259804 0.198485
1 0.962255 1.249621 0.371569 0.111364
1 1.133824 1.338258 0.361765 0.123485
