0 0.877647 0.408182 1.480000 0.587273
1 0.460000 0.283182 0.503529 0.339091
1 0.997059 0.425000 -0.690588 -0.213636
0 0.876471 0.906818 1.475294 0.344545
1 1.313529 0.977727 0.450588 0.135455
0 0.346471 1.396818 0.415294 0.580909
0 0.829412 1.398636 0.503529 0.580909
0 1.362941 1.398636 0.507059 0.582727
1 0.445882 1.543182 0.214118 0.173636
1 0.702941 1.226818 0.252941 0.228182
1 0.934118 1.217727 0.221176 0.219091
1 0.970588 1.290455 0.223529 0.193636
1 1.231176 1.250455 0.243529 0.290000
1 1.489412 1.210455 0.254118 0.206364
