0 0.385294 0.411364 0.484314 0.587879
0 1.132353 0.411742 0.958824 0.590152
0 0.350490 0.929545 0.414706 0.401515
0 0.795588 0.929924 0.424510 0.400758
0 1.319608 0.930682 0.582353 0.400758
0 0.371078 1.422348 0.455882 0.540152
0 0.837745 1.421212 0.432353 0.536364
0 1.345588 1.422727 0.532353 0.537879
1 1.043137 0.244318 0.252941 0.220455
1 1.444118 0.821591 0.337255 0.184091
1 0.312255 1.235606 0.340196 0.166667
1 0.335294 1.310606 0.239216 0.139394
1 0.823039 1.233333 0.404902 0.159091
1 1.197059 1.228030 0.239216 0.151515
1 1.452451 1.209091 0.163725 0.115152
