0 0.880000 0.345455 1.487059 0.458182
0 0.370588 0.890000 -0.470588 -0.600000
0 0.862353 0.891364 0.468235 0.599091
0 1.372353 0.743636 0.497647 0.305455
0 1.373529 1.052727 0.500000 0.278182
0 0.605294 1.449545 -0.940000 -0.484545
0 1.361176 1.448636 -0.517647 -0.484545
1 0.549412 0.251818 0.301176 0.203636
1 0.361765 0.688636 0.380000 0.193636
1 0.720588 0.694545 0.189412 0.205455
1 0.967647 0.699091 0.257647 0.212727
1 1.202353 1.039091 0.164706 0.156364
1 0.472941 1.335000 0.534118 0.257273
1 1.225882 1.293636 0.249412 0.176364
1 1.507059 1.300909 0.225882 0.187273
