0 0.461765 0.364545 0.620000 0.494545
0 1.207059 0.365455 0.823529 0.492727
0 0.502353 0.834545 -0.701176 -0.401818
0 1.248824 0.835000 0.737647 0.400909
0 0.376471 1.375000 0.449412 0.631818
0 1.122941 1.213636 0.989412 0.309091
0 1.121765 1.540909 0.987059 0.303636
1 0.379412 0.201818 0.292941 0.123636
1 1.060588 0.226818 0.302353 0.213636
1 1.428824 0.186364 0.380000 0.136364
1 0.549412 0.715455 0.352941 0.161818
1 1.299412 0.710455 0.196471 0.155455
1 1.421765 1.175909 0.389412 0.162727
1 1.339412 1.421818 0.551765 0.198182
1 1.362353 1.590000 0.508235 0.121818
