0 0.444642 0.501442 0.591109 0.769843
0 1.016227 0.448809 0.505071 0.887147
0 1.450304 0.491129 0.354970 0.783699
0 0.886410 1.096928 1.478702 0.377743
0 0.537677 1.500489 0.789351 0.382356
0 1.289047 1.502100 0.673428 0.379310
1 0.434804 0.186364 0.418627 0.125758
1 0.558824 0.300000 0.421569 0.084848
1 0.612745 0.376515 0.272549 0.065152
1 1.355882 0.205682 0.425490 0.111364
1 0.966176 1.018561 0.404902 0.221970
1 0.323039 1.414015 0.361765 0.211364
1 1.059804 1.382955 0.215686 0.140152
1 1.429412 1.600379 0.347059 0.134091
