0 0.878431 0.310101 1.477124 0.389899
0 0.569935 0.768687 0.857516 0.472727
0 1.320261 0.769192 0.590850 0.473737
0 0.459477 1.212121 0.633987 0.361616
0 1.209150 1.210606 0.815686 0.360606
0 0.878431 1.557071 1.474510 0.273737
1 0.760784 0.623232 0.290196 0.179798
1 1.182353 0.593939 0.315033 0.123232
1 1.476471 0.610101 0.262745 0.155556
1 0.406536 1.116162 0.326797 0.165657
1 0.669281 1.101515 0.193464 0.140404
1 1.154248 1.084343 0.373856 0.108081
1 1.385621 1.317172 0.243137 0.145455
1 0.940523 1.470707 0.411765 0.103030
