0 0.510784 0.329167 0.721569 0.426515
0 1.257843 0.330303 -0.723529 -0.425758
0 0.413725 0.784091 -0.527451 -0.445455
0 0.906373 0.784470 -0.414706 -0.446212
0 1.381863 0.784470 -0.481373 -0.446212
0 0.885784 1.359470 -1.471569 -0.664394
1 0.306373 0.456439 0.312745 0.171970
1 1.107353 0.196970 0.259804 0.160606
1 1.427451 0.173485 0.386275 0.112121
1 0.967647 0.647348 0.186275 0.144697
1 1.320098 0.622348 0.361765 0.125000
1 0.391667 1.192803 0.442157 0.225000
1 1.104902 1.257576 0.337255 0.204545
