0 0.367850 0.364042 0.417241 0.498178
0 0.872312 0.364599 0.537728 0.493023
0 1.394850 0.365836 0.446901 0.498631
0 0.886083 0.794885 1.461821 0.325381
0 0.455071 1.152426 0.595740 0.347673
0 1.198783 1.154138 0.841785 0.344828
0 0.888111 1.520486 1.457764 0.340846
1 0.282961 0.225455 0.255578 0.221003
1 0.730065 0.186869 0.254902 0.137374
1 0.971895 0.170202 0.210458 0.106061
1 1.494771 0.229798 0.252288 0.207071
1 0.273856 1.036364 0.152941 0.111111
1 0.911765 1.031313 0.192157 0.101010
1 1.127451 1.022222 0.213072 0.080808
1 1.077778 1.431818 0.231373 0.162626
