0 0.436105 0.349279 -0.594320 -0.465517
0 1.183570 0.349279 -0.860041 -0.465517
0 0.354248 0.808586 0.428758 0.423232
0 0.828105 0.810606 -0.477124 -0.419192
0 1.351634 0.809091 -0.525490 -0.422222
0 0.325490 1.362626 0.371242 0.654545
0 1.073856 1.364141 1.081046 0.653535
1 0.327451 0.205051 0.377778 0.181818
1 0.624183 0.203535 -0.215686 0.174747
1 0.977778 0.195960 0.410458 0.159596
1 0.225490 0.685859 0.173856 0.183838
1 0.732026 0.692424 0.287582 0.186869
1 1.202614 0.670707 0.227451 0.149495
1 1.168627 1.166162 0.230065 0.239394
1 1.210458 1.627273 0.590850 0.127273
