0 0.885396 0.353197 1.480730 0.473354
0 0.397059 0.876818 0.504706 0.526364
0 0.899412 0.877727 -0.450588 -0.526364
0 1.387647 0.878182 -0.476471 -0.527273
0 0.497647 1.427273 -0.705882 -0.527273
0 1.252353 1.427727 -0.751765 -0.528182
1 0.314118 0.330909 0.336471 0.220000
1 0.247059 0.750455 0.204706 0.273636
1 0.814118 0.698182 0.280000 0.167273
1 1.298235 0.936364 0.297647 0.174545
1 1.522353 1.064091 0.209412 0.157273
1 0.329412 1.320909 0.350588 0.156364
1 1.363529 1.218182 0.392941 0.109091
