0 0.399020 0.357576 0.480392 0.481818
0 1.136275 0.356818 -0.947059 -0.481818
0 0.884314 0.755303 1.450980 0.269697
0 0.401471 1.146591 0.483333 0.462879
0 0.919118 1.145076 -0.489216 -0.464394
0 1.400980 1.145833 0.423529 0.461364
0 0.885784 1.545455 1.451961 0.292424
1 0.526471 0.193182 0.225490 0.157576
1 0.816667 0.217045 0.307843 0.205303
1 0.307843 0.700758 0.276471 0.162121
1 1.435784 0.695455 0.293137 0.146970
1 0.389216 1.012121 0.425490 0.192424
1 0.935294 0.986742 0.239216 0.146212
1 1.501961 0.979167 0.223529 0.126515
