0 0.434706 0.526364 0.598824 0.820000
0 0.947059 0.527727 0.383529 0.820909
0 1.390000 0.528182 0.464706 0.818182
0 0.387647 1.323182 -0.507059 -0.735455
0 0.917647 1.323636 -0.515294 -0.736364
0 1.408824 1.323636 -0.424706 -0.736364
1 0.429412 0.299545 0.592941 0.366364
1 0.892941 0.310909 0.235294 0.305455
1 1.004706 0.402273 0.197647 0.199091
1 1.283529 0.520455 0.251765 0.313636
1 0.898824 1.053636 0.360000 0.198182
1 1.152353 1.163636 0.321176 -0.265455
1 1.453529 1.157727 0.243529 0.210000
