0 0.579739 0.341919 0.877124 0.453535
0 1.332680 0.340909 0.560784 0.457576
0 0.877778 0.726768 1.467974 0.269697
0 0.533987 1.079293 0.785621 0.384848
0 1.282353 1.078283 0.661438 0.378788
0 0.879085 1.493434 1.470588 0.394949
1 0.281046 0.206566 0.282353 0.182828
1 0.527451 0.223232 0.160784 0.139394
1 1.237908 0.197980 0.347712 0.173737
1 1.349673 0.668182 0.385621 0.150505
1 0.314379 0.943434 0.244444 0.113131
1 0.705229 0.983838 0.440523 0.193939
1 1.300000 0.955556 0.260131 0.135354
1 1.519608 0.989394 0.179085 0.198990
1 0.424837 1.396970 0.332026 0.197980
1 0.716993 1.389899 0.252288 0.179798
1 1.156863 1.409596 0.358170 0.180808
