0 0.524510 0.280303 0.760784 0.330303
0 1.277451 0.280303 -0.703922 -0.330303
0 0.885294 0.696970 -1.488235 -0.463636
0 0.401961 1.128030 -0.519608 -0.357576
0 0.909314 1.128788 -0.461765 -0.354545
0 1.394118 1.128409 -0.470588 -0.356818
0 0.885784 1.508333 -1.487255 -0.366667
1 0.787745 0.179924 0.238235 0.126515
1 1.100000 0.378409 0.349020 0.135606
1 0.381863 0.565909 0.483333 0.201515
1 0.970588 0.533333 0.282353 0.139394
1 0.316667 1.037879 0.347059 0.177273
1 0.525490 1.225000 0.268627 0.168182
1 1.009314 1.014773 0.263725 0.128030
1 1.479412 1.018182 0.301961 0.136364
1 0.762745 1.418939 0.239216 0.189394
