0 0.964706 0.000000 1.328105 0.000000
0 0.787582 0.318687 0.260131 0.332323
0 0.383007 0.352020 0.460131 0.257576
0 0.386275 1.133333 0.490196 0.345455
0 1.144444 1.134848 0.968627 0.344444
0 0.482353 1.511111 0.684967 0.359596
0 1.240523 1.510101 -0.786928 -0.367677
1 1.114379 0.327778 0.346405 0.295960
1 0.446405 1.025758 0.369935 0.128283
1 0.718954 1.086364 0.360784 0.184848
1 1.508497 1.067172 0.245752 0.209091
1 0.406536 1.413131 0.373856 0.167677
1 0.870588 1.397980 0.277124 0.210101
1 0.988235 1.577273 0.321569 0.231313
