0 0.875163 0.298990 1.475817 0.363636
0 0.386275 0.773232 -0.498039 -0.536364
0 0.897386 0.772222 -0.477124 -0.534343
0 1.384314 0.774747 -0.454902 -0.535354
0 0.348366 1.380303 -0.422222 -0.623232
0 0.827451 1.378788 -0.496732 -0.626263
0 1.405882 1.437374 -0.600000 0.749495
1 0.341176 0.293434 0.405229 0.336364
1 0.892157 0.222222 0.176471 0.151515
1 0.316993 0.582323 -0.359477 -0.154545
1 0.826797 0.550000 -0.487582 -0.087879
1 1.411765 0.539394 0.407843 0.066667
1 0.457516 1.121717 0.449673 0.083838
1 0.910458 1.104040 0.278431 0.076768
1 1.283660 1.125253 0.282353 0.101010
1 1.555556 1.194444 0.298039 0.122222
