0 0.595588 0.375332 0.897059 0.514488
0 1.338844 0.375358 0.545842 0.511405
0 0.372481 0.916489 0.458959 0.521567
0 0.879310 0.919028 0.503043 0.526646
0 1.379412 0.917803 0.464706 0.525000
0 0.399594 1.446458 0.513185 0.490596
0 1.145030 1.445674 0.929006 0.489028
1 0.380392 0.207197 0.425490 0.176515
1 0.862255 0.193182 0.326471 0.151515
1 1.211765 0.223106 0.294118 0.206818
1 0.253922 0.772727 0.225490 0.233333
1 0.484804 0.742045 0.236275 0.176515
1 0.740196 0.741667 0.201961 0.172727
1 0.996078 0.816667 0.270588 0.322727
1 1.431863 1.043561 0.342157 0.262879
1 1.265196 1.385606 0.267647 0.330303
