0 0.430882 0.371212 0.561765 0.510606
0 0.946569 0.371591 -0.428431 -0.511364
0 1.404412 0.371212 -0.438235 -0.507576
1 0.346569 0.206818 0.316667 0.183333
1 0.946078 0.188258 0.429412 0.144697
1 1.406863 0.181439 0.147059 0.125000
0 0.886275 0.875379 1.470588 0.449242
1 0.419118 0.724242 0.475490 0.148485
0 0.336765 1.407576 0.371569 0.568182
0 0.717157 1.407955 0.348039 0.567424
0 1.269608 1.407197 -0.703922 -0.567424
1 0.307353 1.221591 0.306863 0.196212
1 0.758824 1.234091 0.435294 0.222727
1 1.031373 1.296591 0.180392 0.171970
1 1.396078 1.208712 0.323529 0.168939
