0 0.886765 0.337879 1.469608 0.442424
0 0.402941 0.892803 0.501961 0.631061
0 0.893627 0.892803 0.436275 0.632576
0 1.377451 0.893561 0.490196 0.632576
0 0.424020 1.459470 0.546078 0.461364
0 1.169118 1.459470 0.904902 0.459848
1 0.468627 0.653409 0.370588 0.153788
1 0.912745 0.656818 0.394118 0.162121
1 1.378431 0.708712 0.396078 0.265909
1 1.552941 0.754545 0.141176 0.128788
1 0.323039 1.319697 0.344118 0.181818
1 0.591176 1.321591 0.186275 0.155303
1 0.912255 1.345455 0.395098 0.233333
1 0.906373 1.563636 0.375490 0.166667
