0 0.205882 0.130519 0.317647 0.001299
0 0.555882 0.129221 0.350420 0.000000
0 0.912605 0.129221 0.331092 0.000000
0 1.230672 0.129221 0.271429 -0.002597
0 0.226471 0.492532 0.353782 -0.000649
0 0.653782 0.491883 0.472269 -0.000649
0 1.133193 0.493506 0.461345 0.000000
0 0.220588 0.853896 0.342017 0.000000
0 0.753361 0.852597 0.696639 0.000000
0 1.240336 0.851623 0.247059 0.001948
0 0.191597 1.209091 0.282353 0.002597
0 0.500420 1.211039 0.308403 0.002597
0 0.818487 1.209416 0.302521 0.000649
0 1.172689 1.209416 0.384034 -0.000649
1 0.226050 0.566234 0.337815 0.129870
1 0.516387 0.542532 0.177311 0.085065
1 0.750420 0.620779 0.178151 0.075325
1 1.085294 0.571753 0.291597 0.072078
1 1.286555 0.630195 0.139496 0.100649
1 0.566807 0.888312 0.305042 0.061039
1 0.191176 1.281818 0.261345 0.129870
1 0.444958 1.334416 0.140336 0.077922
1 0.818487 1.272078 0.278992 0.110390
