0 0.231373 0.288788 0.379608 0.335152
0 0.654510 0.288182 0.446275 0.337576
0 1.130980 0.287273 0.472157 0.338182
0 0.208235 0.653030 0.333333 0.332727
0 0.481176 0.652727 0.181176 0.334545
0 0.733725 0.652121 0.290980 0.335758
0 1.132157 0.651818 0.471373 0.336364
0 0.238039 1.017576 0.381961 0.332121
0 0.902353 1.015455 0.924706 0.329091
0 0.218824 1.376667 0.334118 0.333939
0 0.608627 1.375455 0.420392 0.331515
0 0.931373 1.377576 0.192157 0.334545
0 1.205098 1.376970 0.328627 0.334545
1 0.230980 0.162121 0.360000 0.064848
1 0.538431 0.174848 0.189020 0.095152
1 0.770196 0.168182 0.183529 0.081818
1 1.132157 0.205152 0.454118 0.155758
1 0.105882 0.667576 0.114510 0.084242
1 0.481176 0.591515 0.163922 0.198788
1 0.732549 0.633939 0.274510 0.283636
1 1.009412 0.547273 0.205490 0.110303
1 1.237647 0.543939 0.236863 0.102424
1 0.144314 0.916970 0.175686 0.115152
1 0.669804 0.900303 0.439216 0.085455
1 0.215294 1.270303 0.316078 0.103030
1 0.610196 1.314242 0.400000 0.195758
1 0.673333 1.411212 0.217255 0.067273
1 1.205490 1.265152 0.304314 0.096364
1 1.289020 1.414242 0.137255 0.089091
