0 0.254902 0.273788 0.414118 0.334545
0 0.703137 0.272273 0.454118 0.333939
0 1.156471 0.272879 0.421176 0.335152
0 0.268627 0.635000 0.446275 0.333333
0 0.666667 0.634697 0.318431 0.332727
0 0.979216 0.635303 0.275294 0.330303
0 1.250980 0.633182 0.236863 0.329697
0 0.278039 0.996515 0.466667 0.330303
0 0.646667 0.995606 0.245490 0.332121
0 0.910588 0.994091 0.255686 0.330303
0 1.212157 0.993788 0.314510 0.330909
0 0.176471 1.357121 0.258824 0.332727
0 0.437255 1.356818 0.232941 0.333333
0 0.727843 1.355909 -0.318431 -0.332727
0 1.136471 1.354394 0.467451 0.333333
1 0.354902 0.211364 0.187451 0.136970
1 0.831373 0.225606 0.170980 0.112121
1 1.107059 0.147121 0.294118 0.067879
1 0.349412 0.565000 0.185882 0.130303
1 0.646667 0.923788 0.223529 0.175152
1 0.909412 0.889242 0.231373 0.108485
1 1.210980 0.874394 0.294902 0.078788
1 0.174510 1.259545 0.236078 0.121818
1 0.434902 1.248030 0.187451 0.101212
1 0.718039 1.251970 0.214118 0.109091
1 1.136078 1.248333 0.444706 0.103030
1 1.012549 1.306818 0.149020 0.086667
