0 0.214026 0.284380 0.334301 0.334271
0 0.526275 0.283030 0.260392 0.334545
0 0.795294 0.284545 0.247843 0.330303
0 1.151654 0.283437 0.433824 0.335227
0 0.224222 0.648120 0.354694 0.331638
0 0.568058 0.647306 0.296042 0.335691
0 0.880778 0.647713 0.296483 0.333665
0 1.205490 0.646667 0.316863 0.330909
0 0.220435 1.010241 0.343444 0.328608
0 0.534007 1.008580 0.250000 0.330966
0 0.855699 1.009290 0.356618 0.329545
0 1.206710 1.007609 0.315993 0.329025
0 0.167843 1.368182 0.240000 0.330303
0 0.476471 1.369697 0.352157 0.330909
0 0.830962 1.367902 0.325527 0.330862
0 1.187500 1.367244 0.362132 0.329545
1 0.237647 0.202727 0.169412 0.084242
1 0.557255 0.183333 0.170196 0.115758
1 0.766667 0.167879 0.168627 0.087273
1 1.067059 0.173939 0.069804 0.096970
1 0.223529 0.543939 0.337255 0.108485
1 0.565882 0.541212 0.278431 0.104242
1 0.879608 0.536364 0.275294 0.096970
1 1.205098 0.536970 0.297255 0.095758
1 0.218431 0.905455 0.323922 0.107879
1 0.533725 0.912727 0.228235 0.124848
1 0.852941 0.903636 0.334902 0.106667
1 1.207059 0.906061 0.293333 0.115152
1 0.168235 1.266364 0.218824 0.108485
1 0.514902 1.256364 0.259608 0.090909
1 0.431373 1.301515 0.230588 0.076970
1 0.831373 1.273030 0.299608 0.124242
1 0.928627 1.343030 0.108235 0.087273
1 1.186667 1.256667 0.337255 0.095152
1 1.317255 1.314242 0.055686 0.070909
