0 0.194538 0.282468 0.300000 0.337662
0 0.495798 0.283442 0.278992 0.337013
0 0.806303 0.282468 0.311765 0.338961
0 1.174790 0.281494 0.389916 0.338312
0 0.186555 0.647403 0.282353 0.336364
0 0.564706 0.647403 0.450420 0.333766
0 0.894538 0.646753 0.172269 0.335065
0 1.181933 0.647403 0.375630 0.335065
0 0.279412 1.008117 0.466387 0.331818
0 0.665546 1.007468 0.282353 0.333117
0 0.930252 1.005844 0.221849 0.331169
0 1.210504 1.005519 0.311765 0.330519
0 0.226471 1.370455 0.360504 0.334416
0 0.692017 1.368831 0.540336 0.332468
0 1.171008 1.366883 0.389076 0.331169
1 0.196218 0.190584 0.281513 0.135714
1 0.496639 0.241234 0.262185 0.239610
1 0.807143 0.222403 0.296639 0.204545
1 1.176471 0.183766 0.371429 0.122078
1 1.263866 0.249675 0.154622 0.077273
1 0.186134 0.549351 0.264706 0.128571
1 0.501261 0.525974 0.306723 0.077922
1 0.659664 0.563636 0.163025 0.062338
1 0.896218 0.569156 0.157143 0.166883
1 1.184034 0.558442 0.356303 0.141558
1 1.252521 0.628247 0.215966 0.103247
1 0.666387 0.902273 0.263866 0.108442
1 0.930252 0.906818 0.201681 0.120130
1 1.212185 0.900325 0.298319 0.109740
1 1.290336 0.955844 0.152101 0.111688
1 0.227311 1.293182 0.343697 0.164286
1 0.162185 1.382468 0.215126 0.085714
1 0.688655 1.245130 0.513445 0.066883
1 0.820168 1.290260 0.243697 0.085714
1 1.259664 1.258766 0.194958 0.098052
