0 0.186281 0.293925 0.280012 0.335729
0 0.489320 0.293991 0.296654 0.332017
0 0.889412 0.292727 0.475294 0.330909
0 1.253333 0.292424 0.214902 0.330303
0 0.281477 0.656615 0.469203 0.332831
0 0.659216 0.655758 0.262745 0.332121
0 0.929804 0.653636 0.237647 0.335152
0 1.213725 0.651818 0.295686 0.327879
0 0.128676 1.012926 0.163603 0.329545
0 0.427886 1.012969 0.405404 0.326790
0 0.805607 1.013490 0.317096 0.322737
0 1.170980 1.010000 0.384314 0.326667
0 0.285490 1.371515 0.478431 0.332121
0 0.735080 1.370961 0.395650 0.332225
0 1.154510 1.368788 0.417255 0.331515
1 0.185490 0.205758 0.259608 0.142424
1 0.489020 0.195758 0.280000 0.124848
1 1.252941 0.208485 0.201569 0.156364
1 0.660392 0.565455 0.241569 0.136970
1 0.929804 0.571515 0.218824 0.151515
1 0.160784 0.556364 0.065882 0.083636
1 1.212941 0.716970 0.276863 0.116364
1 0.428627 0.910606 0.388235 0.110909
1 1.052941 0.903636 0.123137 0.098182
1 1.252157 0.916970 0.203137 0.093333
1 0.735294 1.266061 0.372549 0.109091
