0 0.290588 0.296212 0.494902 0.333333
0 0.783529 0.294697 0.458039 0.333939
0 1.195686 0.293485 0.341176 0.333939
0 0.147843 0.658030 0.206275 0.335758
0 0.410196 0.658636 0.291765 0.332121
0 0.759608 0.657121 0.375686 0.331515
0 1.166275 0.657424 0.400000 0.333333
0 0.250588 1.019242 0.410196 0.334545
0 0.720392 1.017727 0.504314 0.331515
0 1.178431 1.016818 0.380392 0.333333
0 0.287059 1.379242 0.484706 0.332121
0 0.717255 1.378333 0.352157 0.331515
1 0.290980 0.202576 0.472157 0.131515
1 0.676863 0.248636 0.222745 0.087879
1 1.196471 0.208636 0.319216 0.144848
1 0.148235 0.570152 0.180392 0.143030
1 0.410196 0.605606 0.272941 0.213939
1 0.759216 0.596515 0.352941 0.196970
1 1.165882 0.586818 0.375686 0.177576
1 0.252157 0.962576 0.388235 0.203030
1 0.568235 0.918030 0.174902 0.117576
1 0.850980 0.952879 0.202353 0.064848
1 0.155686 1.274091 0.192157 0.107273
1 0.716863 1.276818 0.327843 0.113939
1 1.004314 1.264697 0.176471 0.090909
