0 0.221877 0.284177 0.354678 0.335887
0 0.625210 0.282944 0.420168 0.334719
0 0.963585 0.282013 0.229692 0.334156
0 1.228515 0.281385 0.275518 0.334199
0 0.258796 0.645671 0.425154 0.332900
0 0.924846 0.646017 0.876583 0.330996
0 0.276359 1.006515 0.465322 0.331212
0 0.693277 1.005195 0.344538 0.329870
0 1.122269 1.004221 0.488235 0.331818
0 0.197227 1.366017 0.302017 0.333420
0 0.564790 1.365606 0.404874 0.332424
0 1.074370 1.364610 0.584034 0.334416
1 0.634118 0.530303 0.275294 0.083636
1 1.191373 0.952424 0.269804 0.091515
1 0.447843 1.243030 0.152157 0.069091
1 0.963922 1.280606 0.101961 0.066667
1 1.120784 1.328182 0.043922 0.067273
