0 0.154622 0.828442 0.210084 0.001299
0 0.377311 0.827143 0.205042 -0.001299
0 0.595378 0.825519 0.200840 0.000649
0 0.800420 0.823247 0.175630 0.000000
0 0.800252 0.941277 0.173613 0.002294
0 0.800840 1.050195 0.173109 -0.000649
0 0.994538 0.825195 0.185714 0.000000
0 1.231933 0.824545 0.263866 0.000000
0 0.265126 1.181688 0.427731 -0.002597
0 0.744118 1.180390 0.501681 -0.003896
0 1.186555 1.180065 0.354622 -0.000649
1 0.220784 0.183333 0.322353 0.137576
1 0.135294 0.269697 0.145098 0.089697
1 0.601961 0.163333 0.366275 0.097576
1 0.891765 0.159697 0.196078 0.086667
1 0.588627 0.244545 0.120000 0.092727
1 0.720392 0.286667 0.113725 0.111515
1 1.187451 0.186061 0.334118 0.145455
0 0.220784 0.274242 0.341176 0.331515
0 0.700392 0.273939 0.586667 0.332121
0 1.186667 0.271212 0.351373 0.332727
0 0.160784 0.633636 0.218039 0.330303
0 0.444706 0.633939 0.320000 0.332121
0 0.785882 0.633939 0.329412 0.332121
0 1.163529 0.631515 0.397647 0.329697
1 0.163137 0.526970 0.202353 0.107273
1 0.785098 0.531515 0.313725 0.117576
1 1.163529 0.509394 0.378824 0.073333
1 0.376078 0.883939 0.184314 0.102424
1 0.594118 0.879697 0.184314 0.093939
1 0.823922 0.869697 0.110588 0.082424
1 0.823529 1.087879 0.114510 0.063030
1 0.994902 0.894848 0.165490 0.124242
1 1.177647 0.880606 0.127843 0.096970
1 1.297255 0.878788 0.111373 0.093333
1 0.171373 1.247576 0.218824 0.114545
1 0.560392 1.229091 0.116863 0.081212
1 0.807843 1.218485 0.360784 0.060000
1 0.782745 1.283333 0.141176 0.096364
1 1.186275 1.309091 0.353725 0.178182
1 1.135294 1.358182 0.239216 0.109091
