0 0.049020 0.287879 0.000000 0.334848
0 0.980882 0.118182 0.314706 -0.001515
0 1.257353 0.118182 0.208824 0.000000
0 0.047930 0.649983 0.002179 0.333333
0 0.616176 0.482567 0.434314 0.001498
0 1.106155 0.480884 0.515142 0.001869
0 0.050109 1.010253 0.002179 0.329966
0 0.614379 0.842247 0.346405 0.002677
0 1.081699 0.839377 0.562092 0.001684
0 0.049619 1.369268 0.003159 0.332475
0 0.398911 1.366827 -0.001743 0.336044
0 0.739651 1.199646 0.226580 -0.001684
0 1.117647 1.199646 0.490196 0.001684
1 0.431373 0.181061 0.749020 0.107576
1 0.197059 0.246970 0.280392 0.100000
1 0.125490 0.330682 0.133333 0.108333
1 1.063235 0.551894 0.408824 0.125000
1 1.226471 0.566667 0.211765 0.078788
1 0.212255 0.907197 0.304902 0.114394
1 0.213725 1.006061 0.107843 0.080303
1 0.615196 0.889394 0.332353 0.081818
1 0.658824 0.929924 0.127451 0.085606
1 1.068137 0.887879 0.118627 0.078788
1 0.215686 1.248485 0.315686 0.081818
1 0.503431 1.260985 0.195098 0.108333
1 1.116176 1.280303 0.479412 0.146970
