0 0.260504 0.293831 0.426891 0.339610
0 0.692017 0.292857 0.407563 0.337662
0 1.140616 0.293171 0.456022 0.336991
0 0.485714 0.656818 0.878992 0.334416
0 1.153782 0.655195 0.431933 0.333766
0 0.307871 1.017998 0.519944 0.333398
0 0.726863 1.018344 0.289020 0.331494
0 1.012633 1.018344 0.255518 0.331494
0 1.260000 1.017673 0.214118 0.334048
0 0.190756 1.377597 0.287395 0.335714
0 0.476863 1.377727 0.257255 0.331515
0 0.808487 1.379340 0.374622 0.333528
0 1.189496 1.377273 0.353782 0.332468
1 0.121569 0.263788 0.058039 0.095152
1 1.112157 0.200758 0.178824 0.106061
1 0.507059 0.611667 0.063529 0.086667
1 1.139216 0.548030 0.317647 0.101212
1 0.179608 0.915909 0.244706 0.112121
1 1.262745 0.941364 0.196078 0.166667
1 0.721569 1.321970 0.175686 0.152121
