0 0.256434 0.286648 0.426471 0.319602
0 0.153676 1.405398 0.216176 0.293750
0 0.402206 1.404545 0.247059 0.296591
0 0.728676 1.402557 0.379412 0.294886
0 1.149540 1.403622 0.433272 0.295028
1 0.258088 0.215057 0.305882 0.103977
1 0.179412 0.348580 0.169118 0.091477
0 0.697426 0.122443 0.428676 -0.001705
0 1.144853 0.121307 0.441176 -0.000568
0 0.254412 0.475284 0.422059 -0.000568
0 0.696691 0.473864 0.437500 -0.001136
0 1.146324 0.472159 0.436765 -0.001136
1 0.695221 0.516193 0.415441 0.069886
0 0.184559 0.775284 0.279412 -0.000568
0 0.477574 0.773580 0.286029 -0.002841
0 0.850368 0.772727 0.434559 -0.001136
0 1.221691 0.772159 0.284559 0.000000
0 0.161765 1.018750 0.233824 0.000000
0 0.434559 1.016477 0.286765 0.000000
0 0.716544 1.015909 0.249265 -0.001136
0 0.994485 1.014773 0.287500 -0.002273
0 1.258088 1.012500 0.216176 -0.001136
1 0.402941 1.309375 0.227941 0.092614
1 0.126838 1.087500 0.065441 0.068182
1 0.851103 0.808239 0.413971 0.059659
