0 0.140432 0.169997 0.217593 0.204864
0 0.351389 0.169694 0.197222 0.204057
0 0.571759 0.169391 0.223148 0.204662
0 0.833333 0.169997 0.277778 0.204662
0 0.133333 0.388283 0.200000 0.202846
0 0.402315 0.387981 0.323148 0.203451
0 0.633796 0.387375 0.125000 0.202240
0 0.837037 0.388283 0.264815 0.201635
0 0.197222 0.605359 0.333333 0.202240
0 0.471759 0.604148 0.199074 0.201029
0 0.659259 0.603239 0.157407 0.201635
0 0.858333 0.602634 0.224074 0.199213
0 0.161574 0.821829 0.258333 0.202846
0 0.490741 0.821526 0.383333 0.202240
0 0.830093 0.820920 0.278704 0.201029
