0 0.132812 0.176827 0.196615 0.201503
0 0.348307 0.176827 0.213542 0.199795
0 0.633464 0.176827 0.338542 0.201503
0 0.888672 0.177254 0.151042 0.200649
0 0.199870 0.394980 0.333333 0.200649
0 0.469401 0.394980 0.187500 0.198941
0 0.661458 0.393272 0.173177 0.197234
0 0.861328 0.391991 0.210938 0.194672
0 0.091146 0.608863 0.115885 0.198087
0 0.304036 0.609290 0.289062 0.197234
0 0.569661 0.608009 0.226562 0.196380
0 0.829427 0.608863 0.269531 0.198087
0 0.203776 0.824454 0.338542 0.200649
0 0.520833 0.824454 0.279948 0.198941
0 0.819661 0.822746 0.294271 0.197234