0 0.157197 0.166146 0.242424 0.203252
0 0.498737 0.166986 0.420455 0.204932
0 0.840278 0.165250 0.250926 0.203868
0 0.114815 0.386672 0.159259 0.203252
0 0.314815 0.387288 0.229630 0.204484
0 0.555093 0.386364 0.236111 0.202636
0 0.824537 0.385132 0.286111 0.202636
0 0.109524 0.605322 0.148810 0.201140
0 0.266964 0.605124 0.145833 0.202328
0 0.422321 0.603738 0.143452 0.201140
0 0.566964 0.535041 0.124405 0.066123
0 0.566964 0.603738 0.123214 0.063351
0 0.566964 0.671840 0.123214 0.063351
0 0.704167 0.603738 0.132143 0.201140
0 0.872024 0.603540 0.188095 0.201536
0 0.187798 0.821706 0.304167 0.203912
0 0.526786 0.820122 0.355952 0.203120
0 0.840179 0.820914 0.251786 0.203120