0 0.152344 0.172407 0.238281 0.203245
0 0.374349 0.171120 0.182292 0.202387
0 0.565755 0.171549 0.174479 0.203245
0 0.815755 0.171120 0.307292 0.202387
0 0.157552 0.391946 0.248698 0.201530
0 0.402995 0.391517 0.210938 0.204103
0 0.623698 0.392374 0.209635 0.204103
0 0.854167 0.390659 0.227865 0.204103
0 0.156250 0.610627 0.243490 0.199815
0 0.378255 0.608912 0.177083 0.199815
0 0.606120 0.609341 0.252604 0.198957
0 0.856120 0.608054 0.226562 0.198100
0 0.121745 0.827165 0.171875 0.202387
0 0.339844 0.826736 0.246094 0.201530
0 0.586589 0.825449 0.226562 0.198957
0 0.841146 0.825449 0.256510 0.198957