0 0.221154 0.163779 0.382051 0.204987
0 0.594872 0.163145 0.341026 0.202874
0 0.873397 0.161665 0.198077 0.203297
0 0.211218 0.382502 0.360897 0.202874
0 0.481410 0.382079 0.162821 0.202029
0 0.702885 0.381657 0.258333 0.203719
0 0.906410 0.381234 0.128205 0.202874
0 0.207692 0.602916 0.352564 0.202451
0 0.464744 0.602282 0.134615 0.200338
0 0.660577 0.600803 0.236538 0.200761
0 0.880449 0.600592 0.183974 0.201183
0 0.124679 0.819949 0.185256 0.202029
0 0.429808 0.820161 0.407051 0.200761
0 0.808013 0.818893 0.328846 0.202451