0 0.181641 0.171365 0.302083 0.191067
0 0.492839 0.170516 0.299479 0.191067
0 0.810547 0.170092 0.307292 0.193614
0 0.179688 0.367527 0.300781 0.160496
0 0.495443 0.364555 0.307292 0.161345
0 0.810547 0.363706 0.304688 0.161345
0 0.130859 0.526749 0.197917 0.123981
0 0.339844 0.525051 0.199219 0.123981
0 0.602865 0.524626 0.305990 0.124830
0 0.866536 0.525051 0.197917 0.122283
0 0.115234 0.671535 0.164062 0.124830
0 0.309245 0.671960 0.205729 0.125679
0 0.508464 0.670686 0.177083 0.123132
0 0.705729 0.669412 0.199219 0.122283
0 0.892578 0.670686 0.153646 0.126529
0 0.110026 0.841372 0.156250 0.177480
0 0.284505 0.840099 0.177083 0.174932
0 0.515625 0.839674 0.272135 0.175781
0 0.815104 0.839249 0.308594 0.176630